2052
2053
2054
18636
18638
18639
18640
18645
18891
18892
18893
18894
18906
18907
18912
18914
18915
18916
18917
18918
18919
18920
18921
18922
18926
18927
18928
18929
18930
18931
18932
18933
18934
18935
18936
18937
18938
18944
18945
18946
18947
18948
18949
18950
18952
18953
18954
18955
18961
18964
18965
18966
18967
18968
18969
18970
18971
18972
18973
18974
18975
18976
18977
18978
18979
19006
19007
19008
19009
19010
19011
19012
19013
19014
19015
19016
19017
19018
19019
19020
19021
19022
19023
19024
19025
19026
19027
19028
19029
19030
19031
19032
19033
19034
19035
19036
19037
19038
19064
19065
19066
19067
19068
19069
19077
19136
19137
19141
19142
19160
19161
19162
19163
19200
19274
19330
19331
19349
19350
19351
19352
19421
19422
19423
19424
19472
19516
19517
19518
19519
19528
19520
19521
19553
19554
19555
19556
19558
19801